0 0.97578125 0.053125 0.01875 0.01875
0 0.80390625 0.146875 0.0203125 0.01484375
0 0.79609375 0.1609375 0.01953125 0.01484375
0 0.825 0.10078125 0.01875 0.0140625
0 0.790625 0.103125 0.0171875 0.0171875
0 0.7953125 0.03828125 0.0140625 0.01484375
0 0.77265625 0.03828125 0.01171875 0.01328125
0 0.7359375 0.0359375 0.0109375 0.01484375
0 0.72421875 0.03671875 0.0109375 0.01328125
0 0.69765625 0.034375 0.01171875 0.01484375
0 0.63828125 0.03125 0.01484375 0.01484375
0 0.5609375 0.02734375 0.0109375 0.0125
0 0.36640625 0.09375 0.0109375 0.01328125
0 0.71484375 0.07890625 0.0125 0.01640625
0 0.6375 0.11796875 0.0125 0.0171875
0 0.859375 0.62421875 0.015625 0.01875