0 0.3328125 0.53828125 0.00703125 0.01328125
0 0.41640625 0.46640625 0.00546875 0.01015625
0 0.209375 0.42265625 0.0046875 0.00859375
0 0.125 0.384375 0.003125 0.00546875
0 0.11875 0.371875 0.00234375 0.0046875
0 0.121875 0.36796875 0.00234375 0.00546875
0 0.12421875 0.36953125 0.00234375 0.0046875
0 0.12578125 0.371875 0.00234375 0.0046875
0 0.128125 0.37265625 0.003125 0.00546875
0 0.13203125 0.3734375 0.003125 0.00625
0 0.146875 0.3765625 0.00390625 0.00625
0 0.15 0.37265625 0.003125 0.00625
0 0.15234375 0.36953125 0.003125 0.00625
0 0.15625 0.36953125 0.00234375 0.00703125
0 0.15859375 0.36953125 0.003125 0.00625
0 0.165625 0.36875 0.003125 0.0046875
0 0.18828125 0.3671875 0.00390625 0.00703125
0 0.08046875 0.38359375 0.00234375 0.0046875
0 0.0765625 0.384375 0.003125 0.0046875
0 0.0734375 0.384375 0.00234375 0.00390625
0 0.07109375 0.38515625 0.003125 0.00546875
0 0.03203125 0.3953125 0.003125 0.0046875
0 0.04140625 0.390625 0.003125 0.00546875
0 0.04296875 0.384375 0.00234375 0.00625
0 0.0484375 0.36796875 0.003125 0.0046875
0 0.0484375 0.371875 0.00234375 0.00390625
0 0.04609375 0.37421875 0.00234375 0.0046875
0 0.040625 0.3734375 0.00234375 0.00390625
0 0.04296875 0.36953125 0.003125 0.00546875
0 0.03203125 0.36875 0.003125 0.0046875
0 0.02578125 0.3703125 0.003125 0.0046875
0 0.02421875 0.36953125 0.003125 0.00390625
0 0.01953125 0.3703125 0.00234375 0.0046875
0 0.0203125 0.371875 0.00234375 0.00390625