0 0.2609375 0.3359375 0.00625 0.0125
0 0.4140625 0.4859375 0.003125 0.00546875
0 0.5546875 0.48671875 0.003125 0.00625
0 0.553125 0.4765625 0.003125 0.00546875
0 0.5875 0.48984375 0.003125 0.00546875
0 0.5859375 0.47578125 0.00234375 0.00546875
0 0.634375 0.478125 0.003125 0.0046875
0 0.6390625 0.48671875 0.003125 0.00625
0 0.6484375 0.48203125 0.003125 0.00546875
0 0.646875 0.496875 0.003125 0.00625
0 0.653125 0.4953125 0.00390625 0.00625
0 0.68359375 0.4828125 0.003125 0.00625
0 0.740625 0.49921875 0.00390625 0.00625
0 0.7453125 0.49921875 0.0046875 0.00625
0 0.753125 0.49921875 0.00390625 0.00703125
0 0.73984375 0.4796875 0.003125 0.00625
0 0.7484375 0.48046875 0.003125 0.00546875
0 0.796875 0.49296875 0.00390625 0.00625
0 0.8 0.49296875 0.003125 0.00625
0 0.8078125 0.49921875 0.00390625 0.00625