0 0.4140625 0.48359375 0.003125 0.0046875
0 0.5875 0.48671875 0.00234375 0.00546875
0 0.5859375 0.4734375 0.0015625 0.0046875
0 0.60546875 0.4875 0.00234375 0.00546875
0 0.621875 0.4796875 0.00234375 0.0046875
0 0.634375 0.47578125 0.00234375 0.0046875
0 0.63828125 0.484375 0.00234375 0.00546875
0 0.64765625 0.4796875 0.003125 0.0046875
0 0.646875 0.49453125 0.003125 0.00546875
0 0.653125 0.49296875 0.003125 0.00546875
0 0.68359375 0.48046875 0.00234375 0.0046875
0 0.6859375 0.4796875 0.00234375 0.0046875
0 0.740625 0.496875 0.00390625 0.00625
0 0.7453125 0.49765625 0.00390625 0.00625
0 0.753125 0.496875 0.003125 0.00625
0 0.8078125 0.496875 0.00390625 0.00703125
0 0.79921875 0.49140625 0.003125 0.0046875
0 0.796875 0.490625 0.003125 0.00546875
0 0.7484375 0.478125 0.003125 0.00546875
0 0.73984375 0.478125 0.003125 0.0046875