0 0.35625 0.53828125 0.00625 0.0109375
0 0.41875 0.53515625 0.00625 0.01171875
0 0.43984375 0.5328125 0.00625 0.0109375
0 0.459375 0.49375 0.00625 0.00859375
0 0.4828125 0.4828125 0.0046875 0.0078125
0 0.25078125 0.4765625 0.003125 0.00546875
0 0.26328125 0.47109375 0.00390625 0.0046875
0 0.284375 0.46796875 0.003125 0.0046875
0 0.31328125 0.47421875 0.00390625 0.00625
0 0.35078125 0.46796875 0.0046875 0.0078125
0 0.33828125 0.48125 0.00390625 0.00625
0 0.34140625 0.4796875 0.00390625 0.00703125
0 0.40546875 0.48515625 0.00390625 0.00546875
0 0.409375 0.4796875 0.003125 0.00625
0 0.4234375 0.48515625 0.00390625 0.00625
0 0.43828125 0.48359375 0.00390625 0.00546875
0 0.5546875 0.484375 0.00390625 0.0078125
0 0.553125 0.4734375 0.003125 0.00703125
0 0.5875 0.48828125 0.00390625 0.0078125
0 0.60546875 0.48828125 0.00546875 0.00859375
0 0.621875 0.48046875 0.00390625 0.00546875
0 0.6234375 0.47578125 0.003125 0.0046875
0 0.63515625 0.4765625 0.003125 0.00625
0 0.6375 0.48203125 0.003125 0.00546875
0 0.6390625 0.4859375 0.00390625 0.00546875
0 0.64765625 0.4796875 0.0046875 0.00625
0 0.646875 0.49609375 0.00390625 0.00703125
0 0.653125 0.49375 0.00390625 0.00625
0 0.6703125 0.50390625 0.0046875 0.00703125
0 0.6921875 0.4953125 0.00390625 0.00625
0 0.68359375 0.48046875 0.003125 0.00546875
0 0.6859375 0.4796875 0.003125 0.00546875
0 0.740625 0.49765625 0.00390625 0.00625
0 0.740625 0.4921875 0.003125 0.00625
0 0.73984375 0.478125 0.003125 0.00546875
0 0.74765625 0.47890625 0.003125 0.0046875
0 0.75 0.478125 0.003125 0.00546875
0 0.7453125 0.49765625 0.00390625 0.00546875
0 0.7484375 0.4953125 0.003125 0.00625
0 0.75234375 0.49765625 0.00390625 0.00625
0 0.76171875 0.49609375 0.0046875 0.00703125
0 0.796875 0.490625 0.003125 0.00546875
0 0.8 0.49140625 0.00390625 0.00625
0 0.8078125 0.496875 0.00546875 0.0078125
0 0.86953125 0.5125 0.00546875 0.00859375