0 0.4140625 0.4859375 0.00390625 0.00703125
0 0.55390625 0.4859375 0.003125 0.00703125
0 0.55234375 0.475 0.003125 0.00625
0 0.58515625 0.4890625 0.0046875 0.00546875
0 0.58515625 0.4765625 0.003125 0.00546875
0 0.634375 0.478125 0.00234375 0.0046875
0 0.64765625 0.48125 0.003125 0.00625
0 0.653125 0.4953125 0.003125 0.00546875
0 0.68359375 0.4828125 0.003125 0.00546875
0 0.73984375 0.49921875 0.00390625 0.00625
0 0.753125 0.5 0.003125 0.00625
0 0.7484375 0.48125 0.00234375 0.0046875
0 0.81171875 0.50703125 0.003125 0.00546875