0 0.5703125 0.365625 0.00390625 0.00703125
0 0.69453125 0.5921875 0.0078125 0.01328125
0 0.625 0.53984375 0.0046875 0.009375
0 0.43984375 0.53359375 0.0046875 0.01015625
0 0.41875 0.53515625 0.00546875 0.01015625
0 0.35703125 0.5375 0.0046875 0.009375
0 0.25078125 0.4765625 0.003125 0.00546875
0 0.26328125 0.47109375 0.003125 0.00546875
0 0.284375 0.4671875 0.003125 0.0046875
0 0.32421875 0.475 0.003125 0.00546875
0 0.340625 0.4796875 0.00390625 0.00546875
0 0.34921875 0.46953125 0.003125 0.00625
0 0.40546875 0.484375 0.003125 0.0046875
0 0.409375 0.4796875 0.003125 0.0046875
0 0.4234375 0.48515625 0.003125 0.00546875
0 0.43828125 0.4828125 0.003125 0.00546875
0 0.459375 0.49375 0.00390625 0.00703125
0 0.4828125 0.4828125 0.0046875 0.00703125
0 0.50546875 0.4828125 0.003125 0.00703125
0 0.56328125 0.47890625 0.00390625 0.0078125
0 0.60546875 0.48828125 0.003125 0.00546875
0 0.621875 0.48046875 0.003125 0.00546875
0 0.6234375 0.4765625 0.00234375 0.0046875
0 0.634375 0.4765625 0.003125 0.0046875
0 0.6375 0.4828125 0.003125 0.00546875
0 0.63828125 0.48515625 0.003125 0.0046875
0 0.64765625 0.48046875 0.003125 0.0046875
0 0.646875 0.4953125 0.003125 0.00703125
0 0.653125 0.49375 0.00390625 0.00625
0 0.6703125 0.50390625 0.00390625 0.00625
0 0.6921875 0.4953125 0.0046875 0.00703125
0 0.6828125 0.48125 0.003125 0.0046875
0 0.68515625 0.4796875 0.003125 0.00546875
0 0.73984375 0.49765625 0.003125 0.0046875
0 0.740625 0.49296875 0.003125 0.00546875
0 0.73984375 0.47890625 0.00390625 0.0046875
0 0.74765625 0.47890625 0.003125 0.00390625
0 0.75 0.47890625 0.00234375 0.0046875
0 0.7453125 0.496875 0.00390625 0.00703125
0 0.7484375 0.4953125 0.00390625 0.00625
0 0.75234375 0.4984375 0.0046875 0.0078125
0 0.796875 0.490625 0.003125 0.00546875
0 0.79921875 0.490625 0.00390625 0.00625
0 0.8078125 0.49765625 0.00390625 0.00703125
0 0.86953125 0.51171875 0.0046875 0.00859375