0 0.26171875 0.49140625 0.0046875 0.00859375
0 0.2984375 0.4921875 0.00546875 0.00859375
0 0.85546875 0.50703125 0.00625 0.01015625
0 0.396875 0.55703125 0.00703125 0.0125
0 0.30859375 0.41328125 0.00390625 0.00703125
0 0.3953125 0.40703125 0.003125 0.00546875
0 0.43203125 0.41015625 0.003125 0.00703125
0 0.47578125 0.415625 0.003125 0.00703125
0 0.49296875 0.41328125 0.00390625 0.00703125
0 0.50078125 0.41171875 0.00390625 0.00546875
0 0.57265625 0.40703125 0.00390625 0.00703125
0 0.609375 0.42109375 0.00546875 0.009375
0 0.62109375 0.4078125 0.00390625 0.00859375
0 0.62578125 0.4046875 0.00390625 0.0078125
0 0.634375 0.4046875 0.003125 0.0078125
0 0.64296875 0.40546875 0.00390625 0.00625
0 0.66171875 0.41328125 0.00390625 0.00546875