0 0.640625 0.54296875 0.0046875 0.0078125
0 0.81484375 0.55625 0.00625 0.01015625
0 0.73046875 0.5765625 0.00625 0.0109375
0 0.15703125 0.578125 0.0046875 0.00859375
0 0.56875 0.58359375 0.00546875 0.00859375
0 0.040625 0.59375 0.00546875 0.01015625
0 0.98046875 0.68359375 0.00859375 0.0140625
0 0.57265625 0.48671875 0.00390625 0.00625
0 0.5765625 0.48828125 0.00390625 0.00703125
0 0.5875 0.4671875 0.00390625 0.0046875
0 0.6 0.4625 0.00390625 0.0046875
0 0.5953125 0.4578125 0.00390625 0.00625
0 0.57890625 0.45859375 0.003125 0.00546875
0 0.6921875 0.478125 0.00390625 0.00703125
0 0.7265625 0.4515625 0.00390625 0.00625
0 0.73984375 0.4625 0.00390625 0.00625
0 0.74296875 0.4625 0.00390625 0.0078125
0 0.79765625 0.478125 0.00390625 0.00703125
0 0.81875 0.46796875 0.003125 0.00546875
0 0.809375 0.46484375 0.003125 0.00546875
0 0.80546875 0.46328125 0.00390625 0.00546875
0 0.77109375 0.45625 0.00234375 0.00390625
0 0.76328125 0.45234375 0.00234375 0.00390625
0 0.75703125 0.45078125 0.003125 0.0046875
0 0.7453125 0.45078125 0.003125 0.0046875
0 0.7484375 0.45078125 0.003125 0.0046875