0 0.15859375 0.53046875 0.0078125 0.0140625
0 0.4125 0.34765625 0.0046875 0.00859375
0 0.2890625 0.34609375 0.0046875 0.01015625
0 0.309375 0.35390625 0.00546875 0.00859375
0 0.3171875 0.34609375 0.00546875 0.0078125
0 0.30625 0.32890625 0.0046875 0.00859375
0 0.31796875 0.3296875 0.00390625 0.00703125
0 0.21171875 0.3328125 0.00546875 0.009375
0 0.16796875 0.3328125 0.0046875 0.00703125
0 0.159375 0.34140625 0.0046875 0.00859375
0 0.159375 0.35078125 0.0046875 0.0078125
0 0.1453125 0.34296875 0.00390625 0.00859375
0 0.13984375 0.34296875 0.00546875 0.00859375
0 0.10703125 0.32890625 0.0046875 0.00859375
0 0.084375 0.33515625 0.0046875 0.0078125
0 0.02890625 0.32890625 0.00546875 0.0078125