0 0.90859375 0.3421875 0.0046875 0.00859375
0 0.121875 0.35703125 0.0046875 0.0078125
0 0.2796875 0.371875 0.0046875 0.01015625
0 0.7703125 0.371875 0.00546875 0.00859375
0 0.46328125 0.40078125 0.0046875 0.00859375
0 0.4515625 0.403125 0.0046875 0.0078125
0 0.61484375 0.4125 0.00546875 0.00859375
0 0.53203125 0.43515625 0.00546875 0.01015625
0 0.4703125 0.465625 0.00546875 0.0109375
0 0.38671875 0.48046875 0.00625 0.01015625
0 0.4015625 0.496875 0.00625 0.0109375
0 0.62421875 0.59921875 0.00703125 0.01328125
0 0.9546875 0.60859375 0.0078125 0.0125
0 0.446875 0.61796875 0.0078125 0.01328125
0 0.1453125 0.72109375 0.00859375 0.015625
0 0.946875 0.73046875 0.00859375 0.0140625
0 0.32421875 0.73515625 0.00859375 0.0140625
0 0.06328125 0.8234375 0.009375 0.015625
0 0.12109375 0.9265625 0.009375 0.015625
0 0.4484375 0.9671875 0.0109375 0.01875
0 0.24921875 0.1703125 0.00390625 0.00625
0 0.61015625 0.171875 0.003125 0.00625
0 0.73046875 0.1703125 0.00390625 0.00546875