0 0.796875 0.42421875 0.0046875 0.00703125
0 0.6515625 0.4265625 0.00390625 0.00703125
0 0.459375 0.428125 0.003125 0.00546875
0 0.2359375 0.4296875 0.003125 0.00546875
0 0.41875 0.43046875 0.003125 0.00546875
0 0.62265625 0.43125 0.00390625 0.00703125
0 0.64453125 0.43203125 0.003125 0.00546875
0 0.4953125 0.43203125 0.00390625 0.00546875
0 0.63359375 0.43203125 0.00390625 0.00703125
0 0.43125 0.43359375 0.003125 0.00546875
0 0.43828125 0.434375 0.003125 0.0046875
0 0.3296875 0.43515625 0.00390625 0.00546875
0 0.44609375 0.43515625 0.003125 0.00546875
0 0.48125 0.43515625 0.003125 0.00546875
0 0.34296875 0.4390625 0.00390625 0.00703125
0 0.49453125 0.4390625 0.0046875 0.00703125
0 0.465625 0.4390625 0.003125 0.00546875
0 0.37421875 0.43984375 0.00390625 0.00703125
0 0.09375 0.57890625 0.00703125 0.0109375
0 0.1453125 0.58359375 0.00703125 0.0109375
0 0.94140625 0.703125 0.0109375 0.01796875
0 0.25234375 0.7421875 0.01015625 0.01796875
0 0.61640625 0.4359375 0.00390625 0.00703125
0 0.61953125 0.42265625 0.00390625 0.00625
0 0.603125 0.4109375 0.00390625 0.00625
0 0.6453125 0.4265625 0.00390625 0.00625
0 0.6546875 0.42578125 0.00390625 0.00703125
0 0.66015625 0.43203125 0.0046875 0.0078125
0 0.66875 0.428125 0.00390625 0.00625
0 0.69140625 0.42421875 0.00390625 0.0046875
0 0.74453125 0.41953125 0.00390625 0.00703125
0 0.75234375 0.41953125 0.003125 0.00625
0 0.75625 0.4265625 0.00390625 0.00703125
0 0.76796875 0.43125 0.00390625 0.00703125
0 0.7484375 0.4328125 0.00390625 0.00703125
0 0.74609375 0.440625 0.0046875 0.0078125
0 0.79296875 0.42109375 0.00390625 0.00703125
0 0.809375 0.4203125 0.0046875 0.00703125
0 0.84140625 0.41796875 0.00390625 0.00703125
0 0.86796875 0.425 0.00390625 0.00625
0 0.50859375 0.4359375 0.00390625 0.00625
0 0.46875 0.4265625 0.003125 0.00703125
0 0.47421875 0.428125 0.00390625 0.00625
0 0.4828125 0.42734375 0.00390625 0.00625
0 0.48515625 0.42578125 0.003125 0.00625
0 0.453125 0.44375 0.00390625 0.00703125
0 0.4484375 0.4328125 0.00390625 0.00703125
0 0.4421875 0.4328125 0.00390625 0.00625
0 0.4359375 0.42734375 0.00390625 0.00625
0 0.359375 0.4421875 0.0046875 0.009375
0 0.3484375 0.43046875 0.0046875 0.009375
0 0.36484375 0.428125 0.0046875 0.0078125
0 0.2671875 0.4296875 0.00390625 0.00703125