0 0.146875 0.315625 0.0046875 0.00859375
0 0.44296875 0.36875 0.0046875 0.00859375
0 0.63125 0.3703125 0.00546875 0.00859375
0 0.2671875 0.29765625 0.0046875 0.00859375
0 0.30703125 0.25234375 0.00390625 0.00625
0 0.37109375 0.2015625 0.003125 0.00546875
0 0.4578125 0.19453125 0.003125 0.00546875
0 0.46953125 0.190625 0.00234375 0.00546875
0 0.446875 0.18671875 0.003125 0.00546875
0 0.40546875 0.18515625 0.003125 0.00625
0 0.3921875 0.18125 0.00390625 0.00625
0 0.34609375 0.18125 0.003125 0.00625
0 0.31484375 0.18828125 0.003125 0.00546875
0 0.3109375 0.18671875 0.00390625 0.00546875
0 0.3125 0.18203125 0.00390625 0.00625
0 0.33203125 0.17890625 0.00390625 0.00625
0 0.33671875 0.18828125 0.00390625 0.00625
0 0.34375 0.1734375 0.00390625 0.00703125
0 0.35546875 0.18046875 0.00390625 0.00546875
0 0.359375 0.1828125 0.003125 0.00625
0 0.3609375 0.18203125 0.003125 0.00625
0 0.3625 0.18046875 0.003125 0.00625
0 0.38828125 0.1875 0.003125 0.00703125
0 0.39140625 0.1875 0.00390625 0.00625
0 0.396875 0.1828125 0.003125 0.0078125
0 0.43359375 0.18359375 0.0046875 0.0078125
0 0.5046875 0.1890625 0.003125 0.00390625
0 0.5109375 0.1921875 0.00390625 0.00625
0 0.515625 0.18671875 0.003125 0.00625
0 0.55859375 0.21171875 0.00390625 0.00703125
0 0.56640625 0.1921875 0.00390625 0.00703125