0 0.64609375 0.3671875 0.0046875 0.0078125
0 0.6640625 0.371875 0.0046875 0.0078125
0 0.6734375 0.3734375 0.0046875 0.00859375
0 0.6453125 0.38046875 0.0046875 0.01015625
0 0.665625 0.39375 0.0046875 0.01015625
0 0.9578125 0.40390625 0.00625 0.0125
0 0.3296875 0.40390625 0.00546875 0.01015625
0 0.9671875 0.4046875 0.00546875 0.01015625
0 0.75078125 0.40625 0.00546875 0.01015625
0 0.284375 0.42109375 0.00703125 0.0109375
0 0.9296875 0.428125 0.00625 0.0125
0 0.7203125 0.6078125 0.0109375 0.0203125